   (-300000, -200001, 10000-50000),    
    (-200000, -100001, 50000-100000),   
    (-100000, -50001, 100000-500000),   
    (-50000, -10001, 500000-1000000),
    (-10000, -9001, 2000000),
    (-9000, -5001, 4000000),
    (-5000, -4001, 5000000),
    (-4000, -3001, 7000000),
    (-3000, -2001, 14000000),
    (-2000, -1001, 27000000),
    (-1000, -501, 50000000),
    (-500, -201, 100000000),
    (-200, 199, 150000000),
    (200, 599, 190000000),
    (600, 699, 200000000),
    (700, 799, 210000000),
    (800, 899, 220000000),
    (900, 999, 240000000),
	(1000, 1099, 275000000),
    (1100, 1199, 320000000),
    (1200, 1399, 360000000),
    (1400, 1499, 350000000),
    (1500, 1599, 450000000),
    (1600, 1699, 500000000), 
    (1700, 1759, 610000000),
    (1760, 1803, 770000000),
    (1804, 1849, 1000000000),
    (1850, 1899, 1200000000),
    (1900, 1900, 1600000000)